# EPIC-KITCHENS object mask coverage
# 1059 categories · splits: train, val
# coverage = nonzero pixels / total pixels
#
#  median     mean      p10      p90      n  name
   0.7707   0.7254   0.6037   0.8289      3  floor
   0.7621   0.7621   0.7621   0.7621      1  window
   0.6440   0.6440   0.5526   0.7355      2  surface
   0.5557   0.5318   0.3081   0.7317      6  table
   0.4670   0.4670   0.4670   0.4670      1  stove top
   0.4514   0.4436   0.3767   0.5042      4  wall
   0.4374   0.4115   0.1439   0.6213     35  washing machine
   0.4291   0.4291   0.2977   0.5604      2  kitchen floor
   0.3988   0.3617   0.2071   0.5128     26  counter
   0.3722   0.4214   0.1410   0.8151    562  fridge
   0.3540   0.3540   0.3540   0.3540      1  clothes horse
   0.3092   0.3092   0.3092   0.3092      1  cup board
   0.2981   0.2683   0.0630   0.4681     23  cabinet
   0.2855   0.3301   0.0819   0.5584     19  refrigerator
   0.2820   0.2433   0.0689   0.4785     27  garbage bin
   0.2777   0.2867   0.1134   0.4557    288  sink
   0.2764   0.2686   0.1498   0.3994     13  drying rack
   0.2609   0.2609   0.2609   0.2609      1  desk
   0.2525   0.2525   0.2525   0.2525      1  shelf
   0.2405   0.1903   0.0508   0.3109      5  oven shelf
   0.2306   0.2414   0.0734   0.4675     52  microwave
   0.2261   0.2986   0.0627   0.7019     42  freezer
   0.2088   0.1620   0.0738   0.2315      3  shreddies
   0.2054   0.2178   0.0526   0.3897     45  door
   0.1992   0.2670   0.0371   0.6180    877  cupboard
   0.1989   0.1891   0.0827   0.2704     10  oven tray
   0.1988   0.1817   0.1303   0.2167      5  hob/stove hob
   0.1963   0.1956   0.1347   0.2562      3  other containers
   0.1954   0.1940   0.0986   0.2879    251  hob
   0.1832   0.2170   0.0567   0.4282    192  oven
   0.1824   0.1875   0.1702   0.2098      6  cooker
   0.1817   0.2038   0.0871   0.3124     16  cupboard door
   0.1786   0.1836   0.1155   0.2504    195  hob/cooktop/stovetop
   0.1697   0.1737   0.1582   0.1909      3  microwave oven
   0.1674   0.1856   0.0713   0.3521     35  stove
   0.1647   0.1529   0.0830   0.2020      7  fridge door
   0.1634   0.1634   0.1436   0.1832      2  board
   0.1574   0.1574   0.0537   0.2611      2  bags roll
   0.1544   0.1361   0.0738   0.1839      4  top
   0.1487   0.2206   0.1162   0.4016      5  laundry basket
   0.1482   0.1419   0.0334   0.2651     10  recycling bin
   0.1439   0.1274   0.1035   0.1448      3  stool
   0.1404   0.1422   0.0866   0.2020     29  drainer
   0.1389   0.1601   0.0532   0.2906     67  baking paper
   0.1314   0.1528   0.0438   0.3057    114  dishwasher
   0.1270   0.1342   0.0211   0.2283      9  white bag
   0.1252   0.1252   0.1112   0.1393      2  parchment paper
   0.1251   0.0974   0.0151   0.1664     15  washing powder box
   0.1233   0.1233   0.0675   0.1790      2  extractor
   0.1227   0.1227   0.1227   0.1227      1  wrap package
   0.1205   0.1103   0.0621   0.1543      3  plastic pot
   0.1202   0.1390   0.0193   0.2921    154  clothes
   0.1172   0.1564   0.0855   0.2470      7  pizza box
   0.1139   0.1408   0.0035   0.2748      8  pea
   0.1139   0.1167   0.0392   0.2391     27  place mat
   0.1135   0.1172   0.0720   0.1662      6  bread wrap bag
   0.1119   0.1119   0.0344   0.1893      2  laundry
   0.1098   0.1098   0.1098   0.1098      1  chilli bag
   0.1035   0.1032   0.0557   0.1447     13  dishwasher drawer
   0.1023   0.0789   0.0419   0.1066      3  foil package
   0.0989   0.0910   0.0292   0.1292     12  vegetable
   0.0981   0.0967   0.0475   0.1446      6  hamburger bun bag
   0.0970   0.0918   0.0295   0.1406     19  salad bowl
   0.0963   0.0998   0.0524   0.1510     26  food processor bowl
   0.0954   0.0954   0.0954   0.0954      1  metal plate
   0.0946   0.1011   0.0142   0.1566     11  cutting board
   0.0935   0.1032   0.0778   0.1318     32  trash bin
   0.0932   0.1001   0.0606   0.1626     21  grid
   0.0925   0.0894   0.0257   0.1558     20  silver foil
   0.0922   0.0876   0.0765   0.0955      5  trash can
   0.0914   0.1002   0.0126   0.1960    952  drawer
   0.0894   0.0894   0.0894   0.0894      1  coffee tray
   0.0881   0.0924   0.0399   0.1478    965  chopping board
   0.0876   0.1070   0.0463   0.1772      7  coconut package
   0.0871   0.0985   0.0368   0.1551     74  washing up bowl
   0.0858   0.0858   0.0858   0.0858      1  compost bin
   0.0841   0.0685   0.0401   0.0872      5  grill tray
   0.0792   0.0727   0.0624   0.0803      3  rubbish bin
   0.0783   0.0999   0.0217   0.1946    123  tray
   0.0778   0.0946   0.0409   0.1713     34  pizza base
   0.0769   0.1260   0.0503   0.2509      6  kitchen roll/paper towel roll
   0.0765   0.0857   0.0631   0.1120      3  tortilla packet
   0.0763   0.0793   0.0144   0.1852     41  cheese box
   0.0755   0.0767   0.0290   0.1196     16  flour packet
   0.0754   0.0892   0.0442   0.1577     69  pizza
   0.0751   0.0753   0.0123   0.1192     25  rubbish bag
   0.0746   0.0851   0.0535   0.1251      4  plastic bowl
   0.0729   0.0810   0.0238   0.1310    143  bin/garbage can/recycling bin
   0.0721   0.0721   0.0476   0.0966      2  mitten
   0.0715   0.0715   0.0485   0.0945      2  jeera bag
   0.0712   0.0815   0.0345   0.1372     61  baking tray
   0.0699   0.0850   0.0575   0.1308      7  food recycling bin
   0.0688   0.0688   0.0662   0.0715      2  trash bag
   0.0687   0.0687   0.0634   0.0739      2  apron
   0.0686   0.0686   0.0686   0.0686      1  electronic pot
   0.0685   0.0666   0.0280   0.0936     11  salmon packet
   0.0684   0.0684   0.0684   0.0684      1  salt jar
   0.0679   0.0958   0.0484   0.1436     10  rice cooker
   0.0673   0.0721   0.0302   0.1228    111  coffee machine
   0.0669   0.0663   0.0620   0.0703      3  recycling box
   0.0668   0.0687   0.0110   0.1279      4  coaster
   0.0668   0.0730   0.0043   0.1480      6  napkin
   0.0664   0.0664   0.0664   0.0664      1  machine
   0.0663   0.0663   0.0607   0.0718      2  base
   0.0660   0.0696   0.0006   0.1347     11  kale
   0.0652   0.0645   0.0631   0.0655      3  steamer lid
   0.0643   0.0718   0.0613   0.0853      3  fan
   0.0640   0.0735   0.0620   0.0888      3  dust bin
   0.0640   0.0677   0.0233   0.0879     22  cooking pot
   0.0631   0.0679   0.0385   0.1085     21  paper piece
   0.0626   0.0626   0.0602   0.0650      2  rice cooker bucket
   0.0621   0.0776   0.0369   0.1458     62  water filter
   0.0619   0.0709   0.0523   0.0998      7  pressure pan
   0.0619   0.0619   0.0403   0.0835      2  green bean
   0.0611   0.0658   0.0278   0.1058      3  food bag
   0.0609   0.0609   0.0609   0.0609      1  four
   0.0607   0.0644   0.0404   0.0966    100  pak choi
   0.0596   0.0580   0.0203   0.0904     10  fish bag
   0.0589   0.0659   0.0473   0.0917      9  food bin
   0.0586   0.0659   0.0405   0.0996      8  cardboard
   0.0583   0.0583   0.0576   0.0590      2  food processor engine
   0.0579   0.0516   0.0253   0.0737      8  ladder
   0.0577   0.0577   0.0577   0.0577      1  slow cooker
   0.0573   0.0662   0.0199   0.1250    366  colander
   0.0573   0.0829   0.0475   0.1388      4  packet beef
   0.0571   0.0672   0.0258   0.1239   1661  pan
   0.0566   0.0475   0.0137   0.0670     17  pak choi leaf
   0.0564   0.0564   0.0564   0.0564      1  tomato container
   0.0563   0.0569   0.0263   0.0967     17  salmon packaging
   0.0562   0.0730   0.0191   0.1699    123  box
   0.0560   0.0628   0.0323   0.1008     18  food processor cover
   0.0558   0.0558   0.0558   0.0558      1  rice cooker temperature
   0.0556   0.0446   0.0192   0.0644      5  water jug
   0.0555   0.0531   0.0409   0.0639      7  ketchup bottle
   0.0553   0.0555   0.0305   0.0762     11  mushroom box
   0.0551   0.0551   0.0551   0.0551      1  glass lid
   0.0546   0.0552   0.0246   0.0909      5  plastic box
   0.0544   0.0544   0.0297   0.0792      2  shaker
   0.0543   0.0640   0.0315   0.1032     40  wok
   0.0543   0.0543   0.0543   0.0543      1  minced meat package
   0.0536   0.0785   0.0389   0.1352     18  instruction booklet
   0.0534   0.0553   0.0266   0.0825     15  microwave door
   0.0533   0.0621   0.0471   0.0841     10  rice cooker pot
   0.0531   0.0531   0.0531   0.0531      1  cutlery tray
   0.0531   0.0931   0.0158   0.1872     18  foil paper
   0.0529   0.0529   0.0529   0.0529      1  steaming shelf
   0.0528   0.0521   0.0152   0.0871     59  chicken
   0.0528   0.0669   0.0296   0.1184      6  steamer tray
   0.0527   0.0647   0.0078   0.1288     11  freezer drawer
   0.0522   0.0618   0.0351   0.1036     25  bin
   0.0522   0.0701   0.0220   0.1388     10  potato bag
   0.0521   0.0492   0.0168   0.0835     18  wrap
   0.0512   0.0565   0.0216   0.0873     33  grill
   0.0509   0.0526   0.0415   0.0668      8  rice cooker bowl
   0.0508   0.0493   0.0465   0.0515      3  bread tupperware
   0.0506   0.0491   0.0346   0.0625      4  bay leaf packet
   0.0504   0.0548   0.0234   0.0934      5  tomato packaging
   0.0500   0.0470   0.0283   0.0644      3  flour box
   0.0497   0.0494   0.0203   0.0769     14  pasta strainer
   0.0488   0.0488   0.0488   0.0488      1  sandwich bread
   0.0488   0.0513   0.0086   0.0974    119  aubergine
   0.0487   0.0611   0.0405   0.0942      6  oven dish
   0.0484   0.0722   0.0181   0.1843     57  pasta bag
   0.0484   0.0534   0.0247   0.0915    384  kettle
   0.0482   0.0482   0.0224   0.0739      2  crisp packet
   0.0478   0.0452   0.0107   0.0727     29  oat package
   0.0472   0.0472   0.0470   0.0475      2  processor bit
   0.0472   0.0472   0.0472   0.0472      1  cheese mixture
   0.0472   0.0472   0.0417   0.0527      2  granola packet
   0.0470   0.0470   0.0461   0.0479      2  dish
   0.0469   0.0577   0.0140   0.1139    988  plate
   0.0467   0.0408   0.0163   0.0631      3  parmesan cheese
   0.0462   0.0540   0.0325   0.0925     17  cake mould
   0.0460   0.0541   0.0220   0.0833     41  plastic plate
   0.0459   0.0604   0.0317   0.0949      3  salad package
   0.0458   0.0388   0.0178   0.0543      4  salami packet
   0.0458   0.0461   0.0419   0.0503      3  oregano tupperware
   0.0456   0.0414   0.0247   0.0570     51  ice cube tray
   0.0452   0.0464   0.0247   0.0693      9  strainer
   0.0447   0.0582   0.0151   0.1264     30  oven mitt
   0.0446   0.0604   0.0165   0.1111     20  bread packet
   0.0443   0.0443   0.0431   0.0455      2  mobile
   0.0440   0.0440   0.0235   0.0646      2  trivet
   0.0440   0.0439   0.0226   0.0632     38  rice cooker lid
   0.0432   0.0430   0.0363   0.0496      3  pasta pack
   0.0432   0.0466   0.0398   0.0547      3  small pan
   0.0432   0.0385   0.0284   0.0468      3  coffee carafe
   0.0431   0.0390   0.0284   0.0455      6  oatmeal bag
   0.0431   0.0425   0.0198   0.0719      9  juice package
   0.0427   0.0376   0.0188   0.0483      7  jeera package
   0.0426   0.0615   0.0079   0.1580     17  table cloth
   0.0424   0.0424   0.0350   0.0498      2  iron packaging
   0.0424   0.0412   0.0114   0.0752     29  mesh
   0.0422   0.0431   0.0117   0.0857     17  tupperware lid
   0.0420   0.0402   0.0296   0.0494      4  curry leaf bag
   0.0415   0.0419   0.0360   0.0479      3  rice pot
   0.0410   0.0410   0.0376   0.0444      2  cleaning liquid bottle
   0.0408   0.0473   0.0189   0.0778     28  meat box
   0.0407   0.0407   0.0407   0.0407      1  tuna
   0.0405   0.0501   0.0161   0.0958    576  pot
   0.0404   0.0483   0.0125   0.0873    346  saucepan
   0.0403   0.0403   0.0403   0.0403      1  metal box
   0.0403   0.0384   0.0331   0.0430      3  oven mitten
   0.0402   0.0573   0.0155   0.1178     59  lettuce
   0.0401   0.0607   0.0215   0.1165      4  washing machine door
   0.0401   0.0445   0.0247   0.0803     38  fish
   0.0399   0.0400   0.0298   0.0486      7  pork
   0.0398   0.0363   0.0148   0.0549      4  sandwich bag
   0.0398   0.0324   0.0111   0.0481      7  granola package
   0.0396   0.0640   0.0106   0.1479    458  bag
   0.0393   0.0505   0.0198   0.0912     18  cheese container
   0.0393   0.0389   0.0119   0.0850     10  coffee filter bag
   0.0391   0.0538   0.0118   0.1112      8  pizza base packaging
   0.0390   0.0390   0.0307   0.0474      2  mobile/cell phone
   0.0390   0.0437   0.0217   0.0709      9  sushi mat
   0.0388   0.0464   0.0144   0.0863     72  sieve
   0.0387   0.0475   0.0229   0.0721     10  plastic container
   0.0387   0.0397   0.0210   0.0604    252  left glove
   0.0386   0.0494   0.0164   0.0662     36  pasta
   0.0386   0.0468   0.0295   0.0738      7  rice jar
   0.0385   0.0340   0.0102   0.0485     21  mushroom piece
   0.0383   0.0418   0.0168   0.0660     17  dustpan
   0.0381   0.0350   0.0177   0.0484      9  cheese packaging
   0.0380   0.0422   0.0288   0.0550     12  yoghurt cup
   0.0376   0.0378   0.0341   0.0417      4  chicken stock package
   0.0374   0.0374   0.0325   0.0424      2  transparent bag
   0.0374   0.0382   0.0139   0.0649     39  lunch box
   0.0374   0.0347   0.0083   0.0576     22  leek
   0.0373   0.0658   0.0311   0.1126     14  toaster
   0.0371   0.0457   0.0172   0.0763     15  washing liquid
   0.0371   0.0371   0.0371   0.0371      1  mincemeat
   0.0370   0.0371   0.0122   0.0584     11  pitta bread package
   0.0367   0.0312   0.0093   0.0490     10  kitchen paper
   0.0367   0.0658   0.0111   0.1680     13  baking paper piece
   0.0367   0.0514   0.0080   0.1110     45  pie
   0.0366   0.0495   0.0216   0.0718     23  water boiler
   0.0363   0.0363   0.0328   0.0398      2  mixer bowl
   0.0363   0.0498   0.0167   0.1189     13  salad bag
   0.0362   0.0482   0.0125   0.0758     58  saucepan lid
   0.0360   0.0607   0.0122   0.1491    136  towel
   0.0359   0.0354   0.0187   0.0516      7  liquid bottle
   0.0358   0.0460   0.0017   0.1121     30  kitchen roll
   0.0357   0.0335   0.0207   0.0426      8  meat pack
   0.0356   0.0345   0.0173   0.0487     26  lasagne sheet
   0.0355   0.0386   0.0277   0.0524      8  squash/squash drink/juice concentrate
   0.0355   0.0359   0.0148   0.0516     18  carrot package
   0.0355   0.0325   0.0154   0.0466      6  red pepper paste package
   0.0354   0.0411   0.0266   0.0601      4  cooker bowl
   0.0354   0.0354   0.0354   0.0354      1  cooked rice
   0.0353   0.0353   0.0353   0.0353      1  washing foam
   0.0352   0.0424   0.0092   0.0792     94  tupperware
   0.0352   0.0352   0.0352   0.0352      1  kitchen
   0.0351   0.0411   0.0323   0.0532      5  pepper shaker
   0.0351   0.0455   0.0309   0.0683      4  carrot peeling
   0.0348   0.0398   0.0151   0.0702    143  frying pan
   0.0347   0.0396   0.0060   0.0684     46  rag
   0.0346   0.0347   0.0210   0.0473     33  courgette pieces
   0.0346   0.0346   0.0346   0.0346      1  saag paneer
   0.0345   0.0325   0.0154   0.0457     14  coffee maker
   0.0345   0.0328   0.0176   0.0448     10  chicken breast
   0.0344   0.0371   0.0224   0.0543     18  carrot box
   0.0343   0.0395   0.0247   0.0421     45  ingredient
   0.0343   0.0343   0.0290   0.0395      2  napkin holder
   0.0339   0.0339   0.0298   0.0380      2  chorizo bag
   0.0338   0.0430   0.0156   0.0529     11  sweet corn
   0.0336   0.0395   0.0098   0.0848     89  plastic bag
   0.0336   0.0372   0.0176   0.0626     48  meat packaging
   0.0335   0.0340   0.0330   0.0353      3  butter tupperware
   0.0334   0.0334   0.0334   0.0334      1  stirrer box
   0.0334   0.0435   0.0086   0.0915   1103  bowl
   0.0333   0.0332   0.0228   0.0425      5  salad
   0.0332   0.0346   0.0056   0.0505     11  lettuce package
   0.0330   0.0330   0.0330   0.0330      1  sweet corn can
   0.0328   0.0311   0.0100   0.0539     11  plastic package
   0.0328   0.0328   0.0308   0.0348      2  spinach leaf
   0.0327   0.0359   0.0155   0.0704     24  carrot bag
   0.0327   0.0327   0.0327   0.0327      1  jam
   0.0327   0.0408   0.0181   0.0701      4  food bin bag
   0.0325   0.0446   0.0139   0.0862     30  flour package
   0.0325   0.0437   0.0085   0.1044     51  flour
   0.0325   0.0483   0.0211   0.0832      9  spinach
   0.0323   0.0354   0.0276   0.0465      9  chicken breast package
   0.0323   0.0436   0.0101   0.0841    133  tea towel
   0.0323   0.0293   0.0099   0.0439    111  chicken thigh
   0.0322   0.0322   0.0299   0.0344      2  red pepper paste
   0.0321   0.0316   0.0109   0.0469     16  food container
   0.0321   0.0390   0.0187   0.0656    365  right glove
   0.0319   0.0319   0.0257   0.0381      2  package salami
   0.0315   0.0340   0.0124   0.0682     52  sweet potato
   0.0315   0.0340   0.0092   0.0627     58  scale
   0.0314   0.0394   0.0163   0.0624     14  bread packaging
   0.0314   0.0415   0.0187   0.0744      6  peach box
   0.0314   0.0292   0.0198   0.0365      6  tofu box
   0.0313   0.0459   0.0171   0.0891      6  spinach bag
   0.0312   0.0421   0.0115   0.0932     61  flour bag
   0.0312   0.0312   0.0312   0.0312      1  asagne sheet
   0.0312   0.0462   0.0245   0.0798      4  bread wrap
   0.0310   0.0283   0.0135   0.0427      7  packing bag
   0.0309   0.0318   0.0071   0.0572     13  sugar packet
   0.0309   0.0309   0.0208   0.0409      2  liquid soap
   0.0309   0.0288   0.0209   0.0347      6  peach slice
   0.0308   0.0381   0.0298   0.0522      4  chicken box
   0.0308   0.0309   0.0185   0.0435      6  hamburger bun
   0.0307   0.0436   0.0092   0.0851    101  cereal box
   0.0305   0.0374   0.0089   0.0778    425  dough
   0.0304   0.0322   0.0268   0.0390      8  aubergine piece
   0.0303   0.0365   0.0129   0.0617     39  glass bowl
   0.0302   0.0302   0.0302   0.0302      1  parmesan cheese package
   0.0302   0.0336   0.0200   0.0507      6  washing liquid bottle
   0.0301   0.0253   0.0108   0.0361      4  steel mesh
   0.0300   0.0409   0.0079   0.0818     68  packaging
   0.0299   0.0375   0.0229   0.0571      5  leek package
   0.0297   0.0635   0.0093   0.2153    106  foil
   0.0297   0.0565   0.0114   0.1195     45  rice bag
   0.0295   0.0320   0.0162   0.0453     38  pot lid
   0.0294   0.0325   0.0276   0.0399      4  coffee grinder
   0.0294   0.0265   0.0153   0.0347      6  vinegar
   0.0291   0.0291   0.0239   0.0343      2  celery package
   0.0290   0.0324   0.0166   0.0516      6  mayonnaise bottle
   0.0290   0.0300   0.0076   0.0551     40  sauce bottle
   0.0290   0.0292   0.0175   0.0444      9  soy milk carton
   0.0287   0.0308   0.0035   0.0556      8  pestle
   0.0287   0.0287   0.0283   0.0290      2  whey
   0.0285   0.0321   0.0206   0.0487     12  slicer
   0.0285   0.0328   0.0098   0.0646     71  mixture
   0.0281   0.0421   0.0171   0.0938      8  butter packaging
   0.0281   0.0407   0.0107   0.0834      6  basket
   0.0280   0.0328   0.0049   0.0645      4  white pot
   0.0279   0.0304   0.0065   0.0532     46  coffee bag
   0.0279   0.0385   0.0120   0.0658     19  aluminium foil
   0.0279   0.0325   0.0117   0.0572      4  turmeric powder bag
   0.0279   0.0438   0.0150   0.0789     10  onion bag
   0.0278   0.0277   0.0197   0.0346      5  pot holder
   0.0277   0.0323   0.0103   0.0629     22  mushroom package
   0.0277   0.0278   0.0215   0.0343      3  springform tin bottom
   0.0275   0.0446   0.0166   0.0943     24  bread package
   0.0275   0.0287   0.0133   0.0446      8  pistachio bag
   0.0275   0.0326   0.0191   0.0482      3  hand held hoover
   0.0275   0.0259   0.0091   0.0376      9  dishwashing liquid
   0.0275   0.0279   0.0246   0.0333     12  sous vide machine
   0.0273   0.0273   0.0273   0.0273      1  lemon curd
   0.0273   0.0227   0.0088   0.0322      8  cafetiere
   0.0272   0.0351   0.0154   0.0710     14  rice package
   0.0271   0.0320   0.0058   0.0409     14  coconut bag
   0.0270   0.0654   0.0066   0.1654     31  cling film
   0.0270   0.0270   0.0270   0.0270      1  biscuit powder
   0.0270   0.0345   0.0150   0.0590     20  sausage box
   0.0269   0.0366   0.0142   0.0724     22  bread bag
   0.0269   0.0263   0.0239   0.0280     10  broccoli packet
   0.0269   0.0301   0.0151   0.0491     26  egg box
   0.0268   0.0260   0.0077   0.0436      4  bin lid
   0.0268   0.0283   0.0252   0.0325      4  mixer lid
   0.0267   0.0267   0.0149   0.0385      2  tomato can
   0.0266   0.0354   0.0082   0.0656     72  package
   0.0266   0.0475   0.0055   0.1244     33  tea towel/dish towel
   0.0265   0.0243   0.0127   0.0337      6  vinegar bottle
   0.0264   0.0400   0.0146   0.0708     27  pasta package
   0.0264   0.0206   0.0088   0.0277      4  pepperoni
   0.0263   0.0269   0.0201   0.0343      6  potato package
   0.0262   0.0230   0.0139   0.0301      5  paper bag
   0.0261   0.0370   0.0060   0.0793     20  meat package
   0.0260   0.0255   0.0180   0.0327      3  ice cube bag
   0.0260   0.0260   0.0252   0.0268      2  mittens
   0.0259   0.0261   0.0171   0.0381     11  carrot peel
   0.0258   0.0258   0.0258   0.0258      1  hanger
   0.0257   0.0223   0.0174   0.0260      3  tupperware food
   0.0256   0.0242   0.0105   0.0393     18  green onion
   0.0255   0.0279   0.0114   0.0420     17  onion piece
   0.0255   0.0412   0.0132   0.0758      5  bacon tray
   0.0255   0.0236   0.0160   0.0318     10  dough ball
   0.0252   0.0317   0.0081   0.0580      3  filter box
   0.0251   0.0226   0.0163   0.0270      4  garbage bag
   0.0251   0.0262   0.0033   0.0524      7  pepper package
   0.0251   0.0251   0.0189   0.0313      2  turmeric powder package
   0.0251   0.0244   0.0169   0.0314      4  sugar
   0.0251   0.0251   0.0139   0.0362      2  bag roll
   0.0250   0.0258   0.0122   0.0401      4  chili powder package
   0.0249   0.0358   0.0104   0.0756    153  glove
   0.0248   0.0271   0.0084   0.0481      6  butter container
   0.0248   0.0255   0.0154   0.0363     13  fish piece
   0.0246   0.1029   0.0079   0.3405     36  yoghurt
   0.0246   0.0249   0.0217   0.0284      6  olive package
   0.0246   0.0246   0.0220   0.0273      2  stretch foil
   0.0246   0.0353   0.0080   0.0683     22  detergent
   0.0245   0.0448   0.0044   0.1310    130  paper
   0.0244   0.0281   0.0041   0.0547     25  salt box
   0.0244   0.0300   0.0218   0.0427      4  dish cloth
   0.0243   0.0184   0.0040   0.0270    146  pepper bit/piece
   0.0241   0.0311   0.0077   0.0616    240  container
   0.0240   0.0240   0.0240   0.0240      1  coffee machine drawer
   0.0239   0.0232   0.0132   0.0333      7  syrup bottle
   0.0239   0.0239   0.0239   0.0239      1  butter lid
   0.0239   0.0299   0.0149   0.0490     24  tortilla
   0.0238   0.0295   0.0098   0.0459     15  coconut milk bottle
   0.0236   0.0256   0.0033   0.0498     15  ham
   0.0235   0.0265   0.0129   0.0475     12  hand blender
   0.0234   0.0234   0.0234   0.0234      1  filter paper
   0.0234   0.0234   0.0234   0.0234      1  paper towel roll
   0.0233   0.0340   0.0059   0.0616     62  packet
   0.0232   0.0254   0.0112   0.0413      4  coconut milk
   0.0232   0.0228   0.0118   0.0323      7  top sticker
   0.0230   0.0312   0.0024   0.0703   1003  lid
   0.0230   0.0298   0.0098   0.0595     57  coffee pot
   0.0230   0.0230   0.0188   0.0272      2  passata
   0.0229   0.0287   0.0045   0.0567     48  cereal bag
   0.0229   0.0221   0.0089   0.0319     10  yeast bag
   0.0228   0.0403   0.0065   0.0790     11  flour container
   0.0227   0.0225   0.0074   0.0337     12  cling film roll
   0.0227   0.0362   0.0145   0.0715      6  fridge drawer
   0.0227   0.0218   0.0037   0.0358     14  tahini jar
   0.0227   0.0241   0.0142   0.0337      5  carrot choppings
   0.0226   0.0246   0.0097   0.0419    129  broccoli
   0.0226   0.0226   0.0226   0.0226      1  bacon wrapper
   0.0225   0.0361   0.0059   0.0858     80  kitchen towel
   0.0222   0.0531   0.0151   0.1035      3  chair
   0.0221   0.0221   0.0221   0.0221      1  pizza pan
   0.0220   0.0177   0.0083   0.0237      4  egg ramekin
   0.0220   0.0220   0.0220   0.0220      1  red chilli package
   0.0218   0.0198   0.0149   0.0232      8  wine bottle
   0.0218   0.0198   0.0133   0.0246      4  egg carton
   0.0218   0.0275   0.0094   0.0583     11  film
   0.0218   0.0218   0.0141   0.0295      2  cling film package
   0.0218   0.0219   0.0116   0.0313      7  cheese bowl
   0.0217   0.0305   0.0081   0.0467     28  water bottle
   0.0217   0.0259   0.0140   0.0455    291  meat
   0.0216   0.0216   0.0216   0.0216      1  foil roll
   0.0216   0.0225   0.0180   0.0292      8  cleaning liquid
   0.0215   0.0328   0.0043   0.0750    511  cloth
   0.0215   0.0174   0.0018   0.0289      6  basil
   0.0215   0.0279   0.0171   0.0412      3  cover
   0.0215   0.0168   0.0054   0.0235      6  spaghetti tupperware
   0.0214   0.0214   0.0214   0.0214      1  liquid
   0.0214   0.0234   0.0123   0.0362      8  washing cloth
   0.0213   0.0261   0.0112   0.0454     22  weight tray
   0.0213   0.0210   0.0190   0.0228      3  washing powder package
   0.0213   0.0197   0.0067   0.0361     24  cheese packet
   0.0212   0.0196   0.0086   0.0307     27  broccoli piece
   0.0212   0.0246   0.0053   0.0488    150  milk bottle
   0.0210   0.0201   0.0186   0.0213      3  pot rest
   0.0209   0.0233   0.0193   0.0297      6  bacon package
   0.0208   0.0204   0.0059   0.0329     48  measuring cup
   0.0208   0.0242   0.0087   0.0401     21  pine nut bag
   0.0207   0.0177   0.0037   0.0292     15  oregano bag
   0.0207   0.0275   0.0050   0.0563     27  biscuit packaging
   0.0207   0.0329   0.0193   0.0563      4  crisp
   0.0206   0.0340   0.0166   0.0620      9  stock packaging
   0.0204   0.0217   0.0036   0.0391     11  plastic wrap
   0.0203   0.0296   0.0099   0.0638     22  parsley package
   0.0202   0.0195   0.0111   0.0267     11  chopped tomato box
   0.0202   0.0160   0.0022   0.0281      5  cream
   0.0199   0.0230   0.0005   0.0432     13  rubbish
   0.0199   0.0199   0.0088   0.0310      2  colendar
   0.0199   0.0316   0.0117   0.0609      9  green bean package
   0.0198   0.0198   0.0195   0.0201      2  pepper packet
   0.0195   0.0195   0.0061   0.0329      2  salted bean curd jar
   0.0195   0.0199   0.0031   0.0374     64  tofu piece
   0.0194   0.0238   0.0064   0.0443     29  salami
   0.0194   0.0189   0.0087   0.0324      9  pasta plate
   0.0194   0.0259   0.0027   0.0537     37  plastic
   0.0194   0.0228   0.0070   0.0400     16  canned almond package
   0.0193   0.0268   0.0037   0.0581      5  curry leaf
   0.0193   0.0281   0.0086   0.0557     10  creme fraiche
   0.0192   0.0192   0.0192   0.0192      1  olive box
   0.0191   0.0191   0.0183   0.0199      2  egg bowl
   0.0191   0.0191   0.0145   0.0237      2  leaf skin
   0.0190   0.0290   0.0164   0.0468      5  fabric conditioner bottle
   0.0189   0.0287   0.0101   0.0558     23  rice container
   0.0188   0.0225   0.0078   0.0365    256  oil bottle
   0.0187   0.0175   0.0067   0.0271     12  salmon
   0.0187   0.0187   0.0176   0.0198      2  chinese vinegar bottle
   0.0187   0.0160   0.0118   0.0191      3  sliced garlic
   0.0187   0.0282   0.0130   0.0332     10  cherry bag
   0.0187   0.0176   0.0064   0.0234     33  bell pepper
   0.0186   0.0186   0.0156   0.0216      2  cartoon trash
   0.0186   0.0194   0.0088   0.0324      8  coffee box
   0.0185   0.0204   0.0039   0.0391     10  coffee tin
   0.0185   0.0172   0.0067   0.0245     52  soy milk
   0.0184   0.0157   0.0084   0.0203      6  minced meat
   0.0183   0.0242   0.0091   0.0439      5  raisin
   0.0183   0.0163   0.0031   0.0257      7  tea pot
   0.0181   0.0181   0.0122   0.0241      2  sugar tupperware
   0.0181   0.0171   0.0128   0.0205      6  beef
   0.0181   0.0172   0.0147   0.0189      4  soil bottle
   0.0181   0.0297   0.0155   0.0533      4  cheese grater
   0.0181   0.0181   0.0126   0.0264     10  broom
   0.0180   0.0180   0.0180   0.0180      1  wooden chopping board
   0.0180   0.0230   0.0079   0.0467     82  oil
   0.0180   0.0190   0.0177   0.0207      3  sausage
   0.0179   0.0229   0.0098   0.0379     47  washing up liquid
   0.0178   0.0233   0.0111   0.0430      7  tofu container
   0.0177   0.0207   0.0091   0.0332     30  sugar bag
   0.0177   0.0164   0.0083   0.0218      8  carafe
   0.0177   0.0179   0.0087   0.0253     29  meat mix
   0.0177   0.0226   0.0094   0.0406      6  chilli package
   0.0177   0.0193   0.0117   0.0281      4  extractor fan
   0.0176   0.0141   0.0057   0.0221      7  pepper bottle
   0.0175   0.0224   0.0072   0.0326     24  sugar jar
   0.0174   0.0174   0.0174   0.0174      1  hand blender motor
   0.0174   0.0180   0.0117   0.0254     51  chicken meat
   0.0174   0.0218   0.0077   0.0354     12  blueberries bag
   0.0173   0.0169   0.0114   0.0220      4  chorizo packet
   0.0173   0.0190   0.0108   0.0283     13  foil box
   0.0172   0.0187   0.0085   0.0303     20  sandwich
   0.0172   0.0161   0.0058   0.0256     20  garlic paste
   0.0172   0.0294   0.0050   0.0631     15  coffee
   0.0172   0.0186   0.0119   0.0263      4  ginger bag
   0.0171   0.0213   0.0064   0.0407     19  salami packaging
   0.0170   0.0157   0.0093   0.0217      5  empty tin
   0.0170   0.0193   0.0040   0.0339      9  serviette/table napkin
   0.0167   0.0167   0.0136   0.0199      2  coriander packet
   0.0167   0.0226   0.0109   0.0362      8  v60
   0.0167   0.0196   0.0087   0.0379     17  washing up liquid/dish soap
   0.0165   0.0168   0.0102   0.0258     35  broccoli floret
   0.0165   0.0179   0.0062   0.0284      9  food
   0.0165   0.0165   0.0165   0.0165      1  pa
   0.0165   0.0222   0.0061   0.0399     12  pepper jar
   0.0163   0.0192   0.0098   0.0297      3  pizza slice
   0.0163   0.0163   0.0036   0.0239     23  coffee jar
   0.0162   0.0155   0.0132   0.0172      4  pepper lid
   0.0162   0.0166   0.0153   0.0180      3  mushroom packaging
   0.0161   0.0179   0.0019   0.0353     12  herb jar
   0.0161   0.0161   0.0161   0.0161      1  left foot
   0.0161   0.0161   0.0161   0.0161      1  pie dish base
   0.0161   0.0169   0.0100   0.0249     85  carrot bit/piece
   0.0161   0.0161   0.0154   0.0167      2  spray
   0.0160   0.0215   0.0074   0.0351     38  salt container
   0.0160   0.0198   0.0104   0.0332     80  rolling pin
   0.0159   0.0159   0.0151   0.0166      2  green bag
   0.0158   0.0186   0.0053   0.0337     35  olive oil
   0.0158   0.0184   0.0054   0.0341      6  squash bottle
   0.0157   0.0202   0.0124   0.0298      3  tomato sauce
   0.0157   0.0158   0.0114   0.0207     26  steamed bun
   0.0157   0.0192   0.0041   0.0414     12  socket
   0.0156   0.0262   0.0053   0.0664     26  tub
   0.0156   0.0160   0.0129   0.0193     31  lemon half
   0.0155   0.0163   0.0066   0.0228     11  pepper piece
   0.0155   0.0149   0.0091   0.0212      9  dish soap bottle
   0.0154   0.0152   0.0090   0.0213      6  parmesan
   0.0154   0.0152   0.0046   0.0250     25  garlic press
   0.0153   0.0159   0.0055   0.0262     25  chicken bone
   0.0153   0.0149   0.0111   0.0185      3  potato peel
   0.0152   0.0154   0.0065   0.0231     12  cleanser
   0.0152   0.0208   0.0031   0.0391     11  paper towel
   0.0151   0.0184   0.0035   0.0376     14  thyme jar
   0.0151   0.0151   0.0151   0.0151      1  salmon package
   0.0151   0.0169   0.0074   0.0270      5  drink
   0.0151   0.0120   0.0060   0.0168      3  fruit
   0.0150   0.0171   0.0053   0.0302     49  parsley
   0.0149   0.0149   0.0149   0.0149      1  oil bottle cap
   0.0147   0.0187   0.0052   0.0358    111  bread
   0.0146   0.0182   0.0102   0.0290      5  mixer base
   0.0146   0.0186   0.0056   0.0342     38  mozzarella bag
   0.0146   0.0144   0.0054   0.0242     17  corn piece
   0.0145   0.0202   0.0084   0.0371      5  crisp/chips
   0.0145   0.0180   0.0064   0.0374     13  yeast box
   0.0145   0.0172   0.0118   0.0244      8  sugar container
   0.0144   0.0190   0.0067   0.0387     30  butter package
   0.0144   0.0123   0.0036   0.0190      6  cleaner
   0.0143   0.0188   0.0073   0.0370     82  jug
   0.0143   0.0206   0.0069   0.0454     12  softener comfort package
   0.0143   0.0173   0.0074   0.0286      3  pancake package
   0.0142   0.0206   0.0047   0.0467    247  bottle
   0.0142   0.0200   0.0074   0.0377      8  gin bottle
   0.0142   0.0119   0.0052   0.0178      5  chicken piece
   0.0141   0.0172   0.0036   0.0375     22  rolled omelette slice
   0.0140   0.0145   0.0056   0.0220     60  aeropress
   0.0140   0.0196   0.0058   0.0459     71  tuna patty
   0.0140   0.0140   0.0131   0.0149      2  courgette piece
   0.0140   0.0195   0.0038   0.0418     57  mushroom
   0.0140   0.0135   0.0064   0.0201      6  olive bottle
   0.0140   0.0202   0.0078   0.0410     11  spicy bean sauce
   0.0139   0.0158   0.0121   0.0212      6  foam
   0.0138   0.0173   0.0052   0.0375     41  banana
   0.0138   0.0138   0.0138   0.0138      1  sock
   0.0137   0.0184   0.0047   0.0417     26  cheese bag
   0.0136   0.0149   0.0071   0.0232      8  onion package
   0.0136   0.0119   0.0076   0.0149      4  honey bottle
   0.0135   0.0249   0.0036   0.0478     22  cereal
   0.0135   0.0158   0.0094   0.0282     11  avocado
   0.0135   0.0142   0.0101   0.0196      8  tomato tin
   0.0135   0.0210   0.0059   0.0392     48  milk
   0.0134   0.0167   0.0052   0.0353     53  olive oil bottle
   0.0134   0.0158   0.0082   0.0243      3  sweetcorn bag
   0.0134   0.0134   0.0044   0.0223      2  aubergine end
   0.0134   0.0165   0.0017   0.0232     12  rice
   0.0133   0.0174   0.0070   0.0312     46  measuring jug
   0.0133   0.0150   0.0080   0.0240      8  banana skin
   0.0133   0.0135   0.0109   0.0163      3  tea
   0.0133   0.0131   0.0064   0.0196      3  ladle rest
   0.0132   0.0142   0.0084   0.0202     11  cooking wine bottle
   0.0132   0.0132   0.0132   0.0132      2  cutlery bowl
   0.0132   0.0150   0.0051   0.0237     31  mocha pot
   0.0132   0.0132   0.0073   0.0190      2  hand blender piece
   0.0132   0.0121   0.0067   0.0166      7  soy milk bottle
   0.0131   0.0202   0.0051   0.0448     77  salt bottle
   0.0131   0.0129   0.0116   0.0139      6  garlic bottle
   0.0131   0.0129   0.0088   0.0168      4  spoon rest
   0.0130   0.0130   0.0125   0.0136      2  chopped cucumber
   0.0130   0.0165   0.0063   0.0281      3  cocoa powder tin
   0.0130   0.0129   0.0042   0.0182    130  lemon
   0.0130   0.0130   0.0130   0.0130      1  clip top jar
   0.0129   0.0129   0.0117   0.0142      2  carrot bit
   0.0129   0.0155   0.0058   0.0244     39  passata bottle/tomato puree bottle
   0.0129   0.0146   0.0054   0.0253    238  mozzarella
   0.0129   0.0110   0.0080   0.0133      3  granule
   0.0128   0.0117   0.0053   0.0152     11  rice vinegar bottle
   0.0128   0.0170   0.0048   0.0300     57  mozzarella package
   0.0128   0.0234   0.0024   0.0522     62  peel
   0.0127   0.0127   0.0119   0.0136      2  water filter lid
   0.0127   0.0157   0.0054   0.0283   1034  tap
   0.0127   0.0127   0.0127   0.0127      1  onion peels
   0.0126   0.0117   0.0077   0.0147     17  ice cube
   0.0126   0.0124   0.0099   0.0149      6  pod container
   0.0126   0.0126   0.0100   0.0151      2  squash
   0.0126   0.0125   0.0047   0.0200     15  potato slice
   0.0125   0.0125   0.0116   0.0134      2  spice cap
   0.0125   0.0137   0.0027   0.0228     15  yogurt
   0.0125   0.0109   0.0051   0.0159      5  ground coffee container
   0.0125   0.0127   0.0049   0.0214     37  mozzarella ball
   0.0125   0.0128   0.0084   0.0174      3  peels
   0.0125   0.0125   0.0125   0.0125      1  kettle lid
   0.0125   0.0147   0.0039   0.0286    102  courgette
   0.0124   0.0159   0.0023   0.0338    179  cucumber
   0.0124   0.0125   0.0116   0.0134      4  egg omelette
   0.0123   0.0143   0.0050   0.0268      9  scotch egg box
   0.0123   0.0131   0.0054   0.0208      8  oregano
   0.0123   0.0137   0.0078   0.0283     11  black bean sauce
   0.0122   0.0114   0.0085   0.0137      4  timer
   0.0122   0.0107   0.0044   0.0142     11  tonic water bottle
   0.0122   0.0124   0.0084   0.0169      9  paprika tin
   0.0122   0.0143   0.0056   0.0228     11  paneer
   0.0122   0.0122   0.0083   0.0160      2  hamburger
   0.0122   0.0144   0.0113   0.0183      3  tomato box
   0.0121   0.0128   0.0052   0.0214     48  brush
   0.0121   0.0279   0.0079   0.0774     14  pan lid
   0.0120   0.0120   0.0068   0.0172      2  tag
   0.0120   0.0120   0.0109   0.0131      2  broccoli rest
   0.0120   0.0108   0.0027   0.0163     18  pitta bread
   0.0120   0.0105   0.0034   0.0163      4  nut paste jar
   0.0119   0.0199   0.0057   0.0455     19  tomato sauce can
   0.0119   0.0146   0.0058   0.0267     43  tongs
   0.0119   0.0119   0.0117   0.0121      2  cookie
   0.0118   0.0147   0.0048   0.0243     23  cheese package
   0.0118   0.0124   0.0098   0.0154      5  filters package
   0.0118   0.0142   0.0016   0.0289     36  bread slice
   0.0118   0.0137   0.0090   0.0203     22  yogurt container
   0.0117   0.0117   0.0117   0.0117      1  clear container
   0.0116   0.0141   0.0046   0.0298     31  chorizo
   0.0116   0.0154   0.0013   0.0295    184  salt
   0.0116   0.0157   0.0033   0.0381    324  carrot
   0.0115   0.0172   0.0063   0.0336      6  dish washing liquid
   0.0115   0.0126   0.0073   0.0184      3  tamagoyaki
   0.0115   0.0201   0.0046   0.0587     17  tomato bottle
   0.0114   0.0532   0.0028   0.1406     55  cutlery
   0.0114   0.0138   0.0058   0.0200     13  milk container
   0.0114   0.0135   0.0106   0.0172      3  cucumber plastic bag
   0.0114   0.0114   0.0075   0.0153      2  tissue paper
   0.0113   0.0094   0.0017   0.0162     10  tuna burger
   0.0113   0.0146   0.0021   0.0345     24  sink strainer
   0.0113   0.0163   0.0032   0.0403    159  can
   0.0113   0.0118   0.0083   0.0157      4  candle
   0.0113   0.0100   0.0070   0.0119      4  basil plant
   0.0111   0.0102   0.0059   0.0138      5  hummus tub
   0.0111   0.0114   0.0054   0.0176     15  jar lid
   0.0111   0.0145   0.0009   0.0221     22  garbage
   0.0110   0.0147   0.0063   0.0267     13  tomato package
   0.0110   0.0117   0.0063   0.0155      9  rolled omelette
   0.0108   0.0202   0.0040   0.0513     21  container lid
   0.0108   0.0102   0.0061   0.0141      8  baking powder bottle
   0.0108   0.0100   0.0016   0.0186      5  fish skin
   0.0108   0.0293   0.0007   0.0776     26  waste
   0.0108   0.0176   0.0081   0.0339      6  yeast packet
   0.0107   0.0101   0.0028   0.0160     44  pesto sauce jar
   0.0106   0.0143   0.0046   0.0224     17  coriander
   0.0106   0.0092   0.0046   0.0132      3  carton
   0.0106   0.0169   0.0063   0.0353      9  omelette
   0.0106   0.0129   0.0044   0.0255    110  ladle
   0.0105   0.0127   0.0057   0.0192      9  rice vinegar
   0.0105   0.0137   0.0056   0.0218     16  yoghurt tub
   0.0105   0.0153   0.0056   0.0287     15  potato skin
   0.0104   0.0104   0.0099   0.0110      2  tuna burger underside
   0.0104   0.0132   0.0069   0.0244    140  grater
   0.0104   0.0127   0.0026   0.0274     23  mincing knife
   0.0104   0.0095   0.0025   0.0154     73  corn
   0.0103   0.0131   0.0042   0.0246    340  mug
   0.0103   0.0214   0.0034   0.0565     20  salt package
   0.0103   0.0093   0.0023   0.0148    158  cucumber piece
   0.0103   0.0109   0.0070   0.0157     16  tomato sauce bottle
   0.0102   0.0283   0.0053   0.0660      5  sauce
   0.0102   0.0130   0.0029   0.0287    140  cheese
   0.0102   0.0123   0.0033   0.0260      8  blueberry
   0.0102   0.0147   0.0059   0.0281     18  almond drink package
   0.0102   0.0093   0.0021   0.0166     12  cucumber packaging
   0.0101   0.0129   0.0082   0.0191      7  spade
   0.0101   0.0100   0.0043   0.0177     15  dish rag
   0.0101   0.0160   0.0051   0.0291      3  plastic cover
   0.0101   0.0149   0.0086   0.0230      3  rice bag top
   0.0101   0.0103   0.0040   0.0154      8  chopped onion
   0.0101   0.0133   0.0057   0.0223      5  cucumber slices
   0.0100   0.0159   0.0031   0.0387      9  degreaser
   0.0100   0.0100   0.0086   0.0113      3  pepper cellar
   0.0099   0.0125   0.0028   0.0242      4  herb bottle
   0.0098   0.0106   0.0036   0.0185      8  dishtowel
   0.0098   0.0166   0.0040   0.0408     15  celery
   0.0098   0.0098   0.0098   0.0098      1  sun dried tomato package
   0.0097   0.0161   0.0040   0.0339      9  passata bottle
   0.0096   0.0095   0.0072   0.0117      4  mayonnaise
   0.0096   0.0097   0.0033   0.0147     17  cream cheese container
   0.0096   0.0118   0.0046   0.0190     11  fruit box
   0.0096   0.0116   0.0024   0.0269     23  mushroom tin
   0.0096   0.0096   0.0096   0.0096      1  tonic water
   0.0094   0.0078   0.0025   0.0114      9  chilli jar
   0.0094   0.0123   0.0032   0.0230    303  cup
   0.0094   0.0084   0.0047   0.0113      5  mocha
   0.0094   0.0101   0.0093   0.0113      3  sliced onion
   0.0093   0.0093   0.0093   0.0093      1  cucumber salad
   0.0093   0.0094   0.0036   0.0150      8  spicy bean sauce jar
   0.0093   0.0104   0.0064   0.0154      7  fish sauce bottle
   0.0093   0.0120   0.0039   0.0222      5  coffee tin lid
   0.0093   0.0128   0.0025   0.0265     84  egg
   0.0092   0.0092   0.0092   0.0092      1  teapot strainer
   0.0092   0.0136   0.0030   0.0285    569  glass
   0.0092   0.0085   0.0055   0.0110     25  stock container
   0.0092   0.0176   0.0065   0.0389      7  mushroom bowl
   0.0091   0.0091   0.0040   0.0143      2  grinder
   0.0091   0.0113   0.0038   0.0211      7  pesto jar
   0.0091   0.0179   0.0035   0.0523     18  yoghurt lid
   0.0090   0.0111   0.0041   0.0225     37  tin
   0.0090   0.0090   0.0086   0.0094      2  cucumber film
   0.0090   0.0113   0.0048   0.0158     10  chopped tomato tin
   0.0089   0.0105   0.0050   0.0166      5  toast bread
   0.0089   0.0118   0.0047   0.0213     82  sieve spatula
   0.0089   0.0158   0.0021   0.0362    188  jar
   0.0088   0.0094   0.0059   0.0136      8  phone
   0.0087   0.0095   0.0045   0.0145     73  plastic spatula
   0.0087   0.0123   0.0011   0.0234     25  biscuit
   0.0087   0.0085   0.0059   0.0124     20  oil container
   0.0086   0.0084   0.0064   0.0096     10  rack
   0.0086   0.0082   0.0055   0.0105      4  mozzarella slice
   0.0086   0.0089   0.0055   0.0126      5  onion net
   0.0085   0.0091   0.0038   0.0164     90  squeezer
   0.0085   0.0103   0.0024   0.0242     47  can opener
   0.0085   0.0158   0.0049   0.0399     23  carrot piece
   0.0084   0.0136   0.0033   0.0332    156  potato
   0.0084   0.0102   0.0018   0.0200      4  nut pasta jar
   0.0083   0.0076   0.0032   0.0114      6  fish sauce
   0.0083   0.0095   0.0066   0.0134      5  turmeric jar
   0.0082   0.0080   0.0060   0.0097     24  pitta piece
   0.0082   0.0134   0.0038   0.0253      8  corkscrew
   0.0081   0.0104   0.0014   0.0225     10  stock
   0.0081   0.0081   0.0081   0.0081      1  spring onion piece
   0.0081   0.0107   0.0033   0.0190      3  powder
   0.0081   0.0073   0.0041   0.0100      5  yoghurt pot
   0.0081   0.0110   0.0035   0.0214    237  pepper
   0.0081   0.0081   0.0075   0.0087      2  Scissors
   0.0081   0.0142   0.0050   0.0301     20  soy sauce
   0.0080   0.0149   0.0046   0.0311      5  cream packaging
   0.0080   0.0101   0.0048   0.0169     13  soy sauce bottle
   0.0080   0.0082   0.0071   0.0094      5  sharpener
   0.0080   0.0080   0.0061   0.0099      2  chilli oil
   0.0080   0.0080   0.0080   0.0080      1  dust
   0.0080   0.0082   0.0032   0.0127     15  gochujang package
   0.0080   0.0085   0.0011   0.0164      6  soap dispenser
   0.0080   0.0080   0.0071   0.0089      2  onion bit
   0.0079   0.0117   0.0028   0.0259    598  onion
   0.0079   0.0079   0.0036   0.0122      2  plastic cup
   0.0079   0.0079   0.0074   0.0083      2  packaging bit
   0.0079   0.0089   0.0029   0.0164     10  pancake
   0.0079   0.0100   0.0037   0.0182      5  stock wrap
   0.0078   0.0099   0.0028   0.0189     29  spring onion
   0.0077   0.0078   0.0033   0.0123      7  mixer
   0.0077   0.0066   0.0023   0.0099      9  pizza cutter
   0.0077   0.0077   0.0063   0.0091      2  patty
   0.0077   0.0117   0.0022   0.0234      5  cocoa powder
   0.0077   0.0141   0.0021   0.0345     27  spice jar
   0.0077   0.0117   0.0028   0.0228     51  butter
   0.0077   0.0078   0.0050   0.0114      9  slicer guard
   0.0077   0.0097   0.0055   0.0155      4  lime squeezer
   0.0076   0.0092   0.0045   0.0148      8  cream cheese package
   0.0075   0.0075   0.0045   0.0105      2  soup
   0.0075   0.0068   0.0020   0.0112      4  spice plastic bag
   0.0074   0.0109   0.0059   0.0135     13  chopped tomato package
   0.0074   0.0074   0.0074   0.0074      1  electric plug
   0.0073   0.0073   0.0022   0.0116     11  plastic spade
   0.0073   0.0210   0.0047   0.0460      5  coffee container
   0.0073   0.0068   0.0014   0.0119      9  plug
   0.0072   0.0084   0.0035   0.0135     28  pasta fork
   0.0072   0.0072   0.0062   0.0082      2  gin
   0.0072   0.0063   0.0030   0.0080      8  chilli bottle
   0.0072   0.0076   0.0059   0.0097      7  pesto bottle
   0.0071   0.0080   0.0023   0.0149     13  mocha upper part
   0.0070   0.0070   0.0026   0.0113      2  peanut
   0.0069   0.0118   0.0027   0.0275     56  filter
   0.0069   0.0077   0.0036   0.0125    685  wooden spoon
   0.0069   0.0094   0.0039   0.0172     40  coffee holder
   0.0069   0.0095   0.0018   0.0190     25  v60/pourover coffee maker
   0.0069   0.0077   0.0053   0.0124     14  chopping blade
   0.0068   0.0148   0.0059   0.0310      5  pesto
   0.0068   0.0117   0.0010   0.0291     13  jam jar
   0.0068   0.0068   0.0061   0.0076      5  small sandwich
   0.0067   0.0063   0.0052   0.0070      5  black pepper
   0.0067   0.0093   0.0042   0.0119     11  slotted spoon
   0.0067   0.0074   0.0046   0.0108      5  chilli flake bag
   0.0067   0.0108   0.0025   0.0205     72  spice
   0.0067   0.0056   0.0019   0.0085      4  food bit
   0.0066   0.0062   0.0023   0.0093      8  garlic bag
   0.0066   0.0088   0.0020   0.0172     17  cleaning spray
   0.0066   0.0060   0.0029   0.0090      7  bag clip
   0.0066   0.0070   0.0050   0.0096      7  small bread
   0.0065   0.0068   0.0040   0.0099      9  curry powder package
   0.0065   0.0069   0.0019   0.0142     15  turmeric
   0.0065   0.0054   0.0023   0.0080      8  rosemary
   0.0064   0.0068   0.0060   0.0077      3  pan handle
   0.0063   0.0105   0.0025   0.0211     16  yeast can
   0.0063   0.0077   0.0062   0.0098      3  carrot skin
   0.0063   0.0071   0.0042   0.0104      3  ramekin
   0.0063   0.0066   0.0027   0.0112     31  knife sharpener
   0.0063   0.0071   0.0016   0.0122     22  sesame oil bottle
   0.0062   0.0074   0.0021   0.0138   1181  spatula
   0.0061   0.0246   0.0020   0.0599     12  paper roll
   0.0061   0.0107   0.0030   0.0222      4  beer
   0.0061   0.0078   0.0038   0.0132      4  gravy box
   0.0061   0.0061   0.0028   0.0094      2  watch
   0.0061   0.0079   0.0047   0.0128     16  spice bottle
   0.0060   0.0060   0.0060   0.0060      1  salted bean curd  jar
   0.0060   0.0060   0.0060   0.0060      1  washing powder
   0.0060   0.0060   0.0060   0.0060      1  wooden tongs
   0.0059   0.0045   0.0010   0.0074      9  cinnamon bottle
   0.0058   0.0056   0.0038   0.0071      5  honey
   0.0058   0.0133   0.0021   0.0261     22  condensed milk tin
   0.0058   0.0058   0.0058   0.0058      1  washing up brush
   0.0058   0.0082   0.0026   0.0150     19  onion skin
   0.0058   0.0058   0.0053   0.0063      2  rice measurer
   0.0057   0.0116   0.0028   0.0252      4  wrapper
   0.0056   0.0082   0.0047   0.0143      7  scotch egg box lid
   0.0056   0.0155   0.0006   0.0442     27  rubbish/trash
   0.0056   0.0059   0.0030   0.0092    113  tong
   0.0056   0.0057   0.0039   0.0077      5  clip top jar top
   0.0056   0.0067   0.0034   0.0111      4  sweetcorn
   0.0055   0.0106   0.0028   0.0223     11  yeast
   0.0055   0.0076   0.0013   0.0154      4  can cover
   0.0055   0.0063   0.0026   0.0104    214  scissors
   0.0055   0.0062   0.0025   0.0095     72  peach
   0.0054   0.0077   0.0009   0.0187     86  tomato
   0.0054   0.0052   0.0032   0.0072      7  courgette/zucchini
   0.0054   0.0092   0.0029   0.0189      8  kettle wire
   0.0054   0.0054   0.0054   0.0054      1  chopped tomato
   0.0054   0.0058   0.0023   0.0097      4  cake pieces
   0.0053   0.0062   0.0053   0.0074      3  thyme bottle
   0.0053   0.0057   0.0045   0.0071      3  maple syrup bottle
   0.0053   0.0053   0.0053   0.0053      1  cup lid
   0.0053   0.0053   0.0049   0.0056      2  plastic spoon
   0.0053   0.0077   0.0033   0.0113     18  paprika
   0.0052   0.0067   0.0019   0.0117      8  oregano bottle
   0.0052   0.0215   0.0040   0.0554      6  granola
   0.0051   0.0050   0.0034   0.0065      5  pepper stalk
   0.0051   0.0072   0.0012   0.0158    100  cleaver
   0.0051   0.0072   0.0031   0.0135      7  garlic powder bottle
   0.0050   0.0102   0.0029   0.0196      3  honey jar
   0.0050   0.0050   0.0050   0.0050      1  creme fraiche bottle
   0.0050   0.0056   0.0023   0.0096     32  wooden spatula
   0.0050   0.0050   0.0050   0.0050      2  peeling
   0.0050   0.0050   0.0050   0.0050      1  oat
   0.0050   0.0048   0.0031   0.0061     11  wooden fork
   0.0048   0.0056   0.0021   0.0100     52  olive
   0.0048   0.0051   0.0020   0.0085     55  potato peeler
   0.0047   0.0074   0.0011   0.0190     15  bacon
   0.0047   0.0068   0.0011   0.0140      4  coffee jar lid
   0.0047   0.0051   0.0026   0.0080     11  coffee cup
   0.0047   0.0048   0.0012   0.0093     54  chilli
   0.0046   0.0047   0.0031   0.0063      4  cayenne pepper bottle
   0.0046   0.0051   0.0030   0.0077      7  coffee machine lid
   0.0045   0.0052   0.0024   0.0097     20  eggshell
   0.0045   0.0043   0.0007   0.0076      6  lime piece
   0.0045   0.0062   0.0022   0.0112     27  hummus
   0.0045   0.0057   0.0018   0.0113    100  chopstick
   0.0045   0.0045   0.0010   0.0080      2  tissue
   0.0045   0.0061   0.0014   0.0137   1308  sponge
   0.0045   0.0038   0.0025   0.0048      3  chilli flake jar
   0.0044   0.0057   0.0021   0.0130     10  sachet
   0.0044   0.0044   0.0021   0.0068      4  cumin bottle
   0.0044   0.0044   0.0044   0.0044      1  greaseproof paper
   0.0043   0.0049   0.0036   0.0070     16  spice container
   0.0043   0.0045   0.0029   0.0058      9  tweezers
   0.0043   0.0047   0.0032   0.0067      6  tabasco
   0.0043   0.0096   0.0008   0.0219     20  soap
   0.0043   0.0043   0.0043   0.0043      1  soap bottle
   0.0042   0.0047   0.0007   0.0086     22  sun dried tomato
   0.0042   0.0053   0.0015   0.0099      4  peach rind
   0.0042   0.0057   0.0018   0.0107     20  sink plug
   0.0042   0.0042   0.0042   0.0042      1  pod packaging
   0.0042   0.0046   0.0011   0.0081      7  steamed bun piece
   0.0042   0.0042   0.0042   0.0042      1  capsule
   0.0042   0.0047   0.0023   0.0073      3  tomato piece
   0.0042   0.0055   0.0030   0.0095      7  paprika package
   0.0041   0.0041   0.0041   0.0041      1  salted bean curd
   0.0041   0.0073   0.0010   0.0176     11  chocolate
   0.0041   0.0156   0.0017   0.0512     24  herb
   0.0041   0.0051   0.0033   0.0073      3  sesame roll
   0.0041   0.0047   0.0008   0.0087     35  ginger
   0.0041   0.0035   0.0022   0.0044      4  onion slice rest
   0.0041   0.0041   0.0026   0.0057      3  carrot skinner
   0.0040   0.0040   0.0016   0.0065      2  avocado skin
   0.0040   0.0041   0.0023   0.0061      7  yoghurt package
   0.0040   0.0072   0.0013   0.0197     26  butter slice
   0.0040   0.0045   0.0037   0.0056      3  leftover food
   0.0039   0.0038   0.0018   0.0057      9  pepper container
   0.0039   0.0049   0.0016   0.0071     18  pine nut
   0.0039   0.0043   0.0017   0.0075     38  onion peel
   0.0039   0.0080   0.0016   0.0171     14  coffee capsule
   0.0039   0.0048   0.0017   0.0094     31  measuring spoon
   0.0039   0.0041   0.0014   0.0066     12  sheath
   0.0039   0.0082   0.0020   0.0195      7  hummus box
   0.0039   0.0057   0.0010   0.0146     37  blackberry
   0.0039   0.0068   0.0008   0.0163     13  coffee filter
   0.0039   0.0039   0.0039   0.0039      1  tea pot lid
   0.0039   0.0048   0.0029   0.0071      8  support
   0.0039   0.0043   0.0011   0.0067     16  sweetcorn can
   0.0038   0.0038   0.0038   0.0038      1  turmeric  jar
   0.0038   0.0041   0.0010   0.0075     48  garlic skin
   0.0038   0.0036   0.0032   0.0039      3  packet clip
   0.0038   0.0038   0.0038   0.0038      1  coriander ramekin
   0.0038   0.0038   0.0035   0.0040      2  blind cord
   0.0038   0.0069   0.0017   0.0196     41  lime
   0.0037   0.0037   0.0037   0.0037      1  sink cap
   0.0037   0.0037   0.0037   0.0037      1  rice mug
   0.0037   0.0045   0.0029   0.0072      7  tube
   0.0036   0.0097   0.0010   0.0178      9  cherry
   0.0036   0.0050   0.0010   0.0106   2065  spoon
   0.0036   0.0036   0.0036   0.0036      1  cream cheese
   0.0035   0.0034   0.0018   0.0053     18  lime juicer
   0.0035   0.0044   0.0006   0.0090      6  garlic slices
   0.0035   0.0044   0.0015   0.0083     12  cooker temperature
   0.0035   0.0048   0.0012   0.0066    161  peeler
   0.0034   0.0034   0.0034   0.0034      1  olive oil cap
   0.0034   0.0038   0.0015   0.0058      7  mocha pot strainer
   0.0034   0.0057   0.0009   0.0129   4062  knife
   0.0034   0.0034   0.0032   0.0035      2  soy sauce bottle lid
   0.0033   0.0033   0.0026   0.0040      4  pepper/salt cellar
   0.0032   0.0152   0.0012   0.0388      4  curry
   0.0032   0.0032   0.0029   0.0035      2  oven switch
   0.0032   0.0051   0.0010   0.0102     30  stock cube
   0.0032   0.0032   0.0018   0.0047      5  milk lid
   0.0031   0.0055   0.0009   0.0131     36  garlic clove
   0.0030   0.0041   0.0011   0.0093     41  cap
   0.0030   0.0030   0.0025   0.0036      2  roots
   0.0030   0.0031   0.0026   0.0036      5  temperature
   0.0030   0.0022   0.0009   0.0032      3  garlic bulb
   0.0030   0.0030   0.0027   0.0032      2  switch extractor fan
   0.0029   0.0028   0.0020   0.0033      8  sesame oil
   0.0029   0.0031   0.0019   0.0044      8  apple
   0.0029   0.0029   0.0029   0.0029      1  pepper top
   0.0028   0.0037   0.0015   0.0083     11  aeropress filter
   0.0028   0.0057   0.0005   0.0141    254  garlic
   0.0028   0.0034   0.0010   0.0071     42  clip
   0.0028   0.0028   0.0023   0.0033      2  cake piece
   0.0025   0.0026   0.0025   0.0027      3  tool
   0.0025   0.0041   0.0016   0.0090      7  can lid
   0.0025   0.0033   0.0007   0.0074     55  lighter
   0.0025   0.0025   0.0008   0.0042      8  switch hob
   0.0024   0.0024   0.0011   0.0039      5  olive oil spray
   0.0024   0.0022   0.0013   0.0029      9  pen
   0.0024   0.0151   0.0005   0.0455    478  water
   0.0024   0.0024   0.0015   0.0034      2  oil bottle lid
   0.0024   0.0024   0.0019   0.0030      2  breadcrumb
   0.0024   0.0035   0.0019   0.0056      3  scotch egg
   0.0024   0.0024   0.0020   0.0028      2  v60 cup
   0.0023   0.0024   0.0018   0.0030      4  lemon squeezer
   0.0023   0.0023   0.0019   0.0028      2  pesto sauce
   0.0023   0.0025   0.0006   0.0043     18  tuna mixture
   0.0023   0.0021   0.0007   0.0033      5  red chilli
   0.0023   0.0029   0.0009   0.0052   1048  fork
   0.0023   0.0023   0.0023   0.0023      1  dirty dish
   0.0022   0.0034   0.0003   0.0081     22  paring knife
   0.0022   0.0022   0.0022   0.0022      1  cucumber bits
   0.0022   0.0030   0.0008   0.0061     35  bottle cap
   0.0022   0.0021   0.0019   0.0024      4  chop stick
   0.0022   0.0026   0.0019   0.0036      7  clip top jar seal
   0.0021   0.0024   0.0010   0.0043      7  pepper container lid
   0.0021   0.0035   0.0008   0.0090     44  lemon squeezer piece
   0.0021   0.0023   0.0009   0.0039      5  fat
   0.0021   0.0016   0.0009   0.0022      3  peanut ramekin
   0.0021   0.0021   0.0021   0.0021      1  bay leaf
   0.0020   0.0073   0.0013   0.0180      5  stock cube package
   0.0020   0.0020   0.0014   0.0026      2  garlic peel
   0.0020   0.0020   0.0016   0.0024      5  pod
   0.0020   0.0018   0.0009   0.0024      5  gravy cube
   0.0020   0.0015   0.0007   0.0021      5  carrot end
   0.0020   0.0020   0.0020   0.0020      1  sponge handle
   0.0020   0.0017   0.0008   0.0025      4  clothespin
   0.0019   0.0019   0.0017   0.0022      2  vinegar bottle lid
   0.0019   0.0022   0.0011   0.0036      8  coffee pod
   0.0019   0.0024   0.0011   0.0039      3  garlic piece
   0.0019   0.0019   0.0012   0.0026      4  cork
   0.0019   0.0019   0.0017   0.0021      2  heat
   0.0019   0.0021   0.0015   0.0029      5  gin bottle lid
   0.0018   0.0018   0.0016   0.0021      2  peach pit
   0.0018   0.0018   0.0012   0.0023      4  scrabber
   0.0018   0.0040   0.0009   0.0097      7  rubbish peel
   0.0017   0.0017   0.0017   0.0017      1  courgette bit
   0.0017   0.0016   0.0008   0.0024      3  spreading knife
   0.0017   0.0019   0.0006   0.0031      8  lemon slice
   0.0017   0.0025   0.0003   0.0068     22  bottle lid
   0.0017   0.0024   0.0012   0.0042     45  scourer
   0.0017   0.0017   0.0007   0.0026     45  thermometer
   0.0017   0.0020   0.0012   0.0032      6  filter holder
   0.0017   0.0017   0.0017   0.0017      1  dish brush
   0.0016   0.0026   0.0014   0.0030     10  chef knife
   0.0016   0.0016   0.0016   0.0016      1  cow milk
   0.0016   0.0016   0.0013   0.0019      2  salt cap
   0.0016   0.0016   0.0005   0.0024     11  milk bottle lid
   0.0016   0.0016   0.0016   0.0016      1  folk
   0.0016   0.0016   0.0016   0.0016      1  nylon
   0.0016   0.0018   0.0009   0.0027      7  caper
   0.0015   0.0024   0.0005   0.0046      3  tablet
   0.0015   0.0015   0.0015   0.0015      2  pepper bit
   0.0014   0.0017   0.0009   0.0027      3  vinegar cap
   0.0014   0.0023   0.0009   0.0042      5  steel wool
   0.0013   0.0013   0.0006   0.0021      2  pepper bits
   0.0013   0.0029   0.0010   0.0057      5  dial
   0.0013   0.0152   0.0010   0.0332     10  leek pieces
   0.0013   0.0018   0.0005   0.0038     10  seal
   0.0013   0.0013   0.0006   0.0019      2  rice vinegar lid
   0.0012   0.0010   0.0004   0.0015      3  tea bag
   0.0012   0.0012   0.0012   0.0012      1  cheese bit
   0.0012   0.0012   0.0011   0.0013      3  bottle opener
   0.0012   0.0018   0.0004   0.0034      3  onion peeling
   0.0012   0.0012   0.0012   0.0012      1  pizza topping
   0.0012   0.0011   0.0008   0.0014     11  gas temperature
   0.0012   0.0011   0.0009   0.0013      4  knob
   0.0011   0.0016   0.0008   0.0025      3  scrap
   0.0010   0.0013   0.0003   0.0025    106  teaspoon
   0.0009   0.0037   0.0004   0.0039     80  switch
   0.0009   0.0012   0.0008   0.0019      5  cucumber end
   0.0009   0.0012   0.0002   0.0026     12  stirrer
   0.0008   0.0015   0.0003   0.0034      7  wooden stirrer
   0.0008   0.0022   0.0007   0.0042      3  onion pieces
   0.0008   0.0008   0.0005   0.0011      2  thermometer sheath
   0.0008   0.0008   0.0008   0.0008      1  teabag
   0.0008   0.0008   0.0008   0.0008      1  thermometer case
   0.0007   0.0007   0.0007   0.0007      1  stalk
   0.0007   0.0007   0.0005   0.0009      2  bits
   0.0007   0.0007   0.0007   0.0007      1  vegetable peeling
   0.0007   0.0007   0.0007   0.0007      1  plastic ring
   0.0007   0.0010   0.0004   0.0020      4  vegetable piece
   0.0007   0.0007   0.0007   0.0007      1  laundry pod
   0.0006   0.0086   0.0004   0.0184     10  trash
   0.0006   0.0008   0.0005   0.0012      3  washing up soap
   0.0006   0.0006   0.0006   0.0006      1  timer button
   0.0006   0.0005   0.0002   0.0007      5  button
   0.0005   0.0004   0.0003   0.0005      3  pork piece
   0.0005   0.0005   0.0005   0.0005      1  white bit
   0.0004   0.0004   0.0004   0.0004      1  spring onion root
   0.0004   0.0004   0.0004   0.0004      1  elastic wrap
   0.0004   0.0006   0.0002   0.0011      6  sticker
   0.0003   0.0006   0.0002   0.0012      4  oil container lid
   0.0003   0.0003   0.0002   0.0005      4  bit
   0.0002   0.0002   0.0002   0.0002      1  pasta piece
   0.0001   0.0001   0.0001   0.0002      2  ice piece
